1604879679856353280
1587553312316219393
1517428729575657472
1621646211488026624
1577433587611496448
1459459950124568576
1625167683376529414
1500895080651292673
1612240285442125824
1523535030894489607
1551094001826398208
1451997710559502338
1515593159690289153
1538464896324861952
1553347855699435521
988712658089078785
1357448764139610114
1504534306244665344
1630763043889217539
1593311650630623234
1618962474820304898
1580927640105791488
1408823259718504452
1515915623162793987
1527138777894109184
1579066313359896576
1617943866686177285
1580480187623669765
1602067391722442752
1617831674846531584
1608029802103201792
1578425897652084736
1031823600473391109
1559243328851701766
1597342357292085248
1583611863543083008
1589648099009785856
1612407948256636928
1482099377015783424
1517443900306518016
1622964163437031424
1623399890255769600
1544820994778763264
82303907
1620098316783722497
1591551765635178496
1596358147643318272
1275525738901323776
1630351484805341185
1620049962682966017
1627514696126590977
1494558744029851649
1547893575324561409
1585314716788097025
878551440339288065
1506399447101898754
1570839281127788544
1554423897583665152
1330546824445382657
1498563840522407937
1078367936832851968
1429719329168261121
